    1   2   3   4   5   6   7   8   9  
  -------------------------------------
A | 1 | 9 | 3 | 4 | 2 | 7 | 5 |   | 8 |
  -------------------------------------
B | 8 | 6 | 7 | 9 | 1 | 5 | 3 | 4 | 2 |
  -------------------------------------
C | 5 | 2 | 4 | 6 | 8 | 3 | 1 | 9 | 7 |
  -------------------------------------
D | 3 | 5 | 8 | 7 | 6 | 4 | 2 | 1 | 9 |
  -------------------------------------
E | 6 |   | 2 | 5 | 9 |   | 7 |   |   |
  -------------------------------------
F |   |   |   | 1 | 3 |   |   |   |   |
  -------------------------------------
G | 4 | 3 | 5 | 8 | 7 | 1 | 9 | 2 | 6 |
  -------------------------------------
H | 9 | 8 | 1 | 2 | 5 | 6 | 4 | 7 | 3 |
  -------------------------------------
I | 2 | 7 | 6 | 3 | 4 | 9 | 8 | 5 | 1 |
  -------------------------------------
Trying (8, A) = 6
    1   2   3   4   5   6   7   8   9  
  -------------------------------------
A | 1 | 9 | 3 | 4 | 2 | 7 | 5 | 6 | 8 |
  -------------------------------------
B | 8 | 6 | 7 | 9 | 1 | 5 | 3 | 4 | 2 |
  -------------------------------------
C | 5 | 2 | 4 | 6 | 8 | 3 | 1 | 9 | 7 |
  -------------------------------------
D | 3 | 5 | 8 | 7 | 6 | 4 | 2 | 1 | 9 |
  -------------------------------------
E | 6 | 1 | 2 | 5 | 9 | 8 | 7 | 3 | 4 |
  -------------------------------------
F | 7 | 4 | 9 | 1 | 3 | 2 | 6 | 8 | 5 |
  -------------------------------------
G | 4 | 3 | 5 | 8 | 7 | 1 | 9 | 2 | 6 |
  -------------------------------------
H | 9 | 8 | 1 | 2 | 5 | 6 | 4 | 7 | 3 |
  -------------------------------------
I | 2 | 7 | 6 | 3 | 4 | 9 | 8 | 5 | 1 |
  -------------------------------------
